Hello from process 1 of 3Hello from process 
2 of 3
Hello from process 0 of 3
(0.553941,0.382732)
(0.396248,0.017163)
(0.0481268,0.643609)
(0.525673,0.0441083)
(0.153039,0.927212)
(0.50001,0.233953)
(0.256087,0.12309)
(0.543093,0.748451)
(0.781332,0.895368)
(0.197739,0.160576)
(0.301632,0.222781)
(0.177019,0.625223)
(0.0592486,0.160406)
(0.525688,0.105645)
(0.861276,0.606871)
(0.505911,0.0408945)
(0.189545,0.700849)
(0.507765,0.714903)
(0.677303,0.955016)
(0.458766,0.621212)
(0.821283,0.0930226)
(0.64092,0.0717984)
(0.541673,0.745344)
(0.675527,0.978648)
(0.745902,0.670476)
(0.90995,0.871321)
(0.207511,0.56242)
(0.853678,0.892595)
(0.238019,0.520472)
(0.85618,0.126715)
(0.580149,0.438707)
(0.0869169,0.474399)
(0.355712,0.323952)
(0.287875,0.763498)
(0.830823,0.172345)
(0.818973,0.446271)
(0.600123,0.975765)
(0.764282,0.967321)
(0.279816,0.809355)
(0.644762,0.016471)
(0.903822,0.350551)
(0.444351,0.963958)
(0.588898,0.935665)
(0.585468,0.64155)
(0.439703,0.778351)
(0.0587616,0.150062)
(0.999966,0.23549)
(0.790627,0.0901941)
(0.226599,0.19108)
(0.794923,0.39124)
(0.316978,0.43008)
(0.256109,0.986997)
(0.0572214,0.405307)
(0.57801,0.381031)
(0.107607,0.638801)
(0.673505,0.675252)
(0.0837182,0.553657)
(0.113394,0.173625)
(0.263263,0.984204)
(0.99577,0.617172)
(0.0795676,0.364057)
(0.139267,0.204198)
(0.897943,0.0636628)
(0.94058,0.927108)
(0.910798,0.879398)
(0.106843,0.447702)
(0.0254236,0.619811)
(0.82135,0.348091)
(0.321171,0.7758)
(0.161558,0.847328)
(0.70016,0.0186313)
(0.483299,0.0393099)
(0.852404,0.411637)
(0.190835,0.782142)
(0.511287,0.460228)
(0.521568,0.171555)
(0.0427497,0.292687)
(0.883398,0.884475)
(0.676115,0.563306)
(0.352196,0.193716)
(0.832147,0.0363751)
(0.759489,0.467824)
(0.887488,0.368503)
(0.785263,0.0135721)
(0.198417,0.0902187)
(0.922211,0.2911)
(0.142651,0.365605)
(0.970077,0.97649)
(0.540064,0.628225)
(0.777008,0.465035)
(0.318129,0.96452)
(0.341471,0.691785)
(0.959416,0.831175)
(0.647524,0.834346)
(0.781684,0.913243)
(0.290491,0.553778)
(0.578283,0.446632)
(0.504636,0.279518)
(0.155945,0.595252)
(0.719034,0.553742)
(0.376087,0.780251)
(0.979695,0.311057)
(0.611978,0.620161)
(0.898314,0.534789)
(0.835703,0.586241)
(0.373806,0.122417)
(0.175941,0.137106)
(0.290942,0.344115)
(0.599756,0.529301)
(0.605753,0.644228)
(0.0550848,0.855651)
(0.77758,0.880116)
(0.0824405,0.362367)
(0.783325,0.366817)
(0.157645,0.113231)
(0.540969,0.505325)
(0.575371,0.808754)
(0.437074,0.818477)
(0.143633,0.0620159)
(0.754737,0.698677)
  (0.553941,0.382732)   (0.396248,0.017163)  (0.0481268,0.643609)  (0.525673,0.0441083)   (0.153039,0.927212)    (0.50001,0.233953)    (0.256087,0.12309)   (0.543093,0.748451)
  (0.654005,0.514839)   (0.796809,0.132454)   (0.979466,0.334578)   (0.979736,0.546208)   (0.649041,0.386298)   (0.351149,0.502332)   (0.624926,0.361269)    (0.87363,0.774538)
    (0.24384,0.26887)   (0.368643,0.471733)   (0.183365,0.528825)   (0.670932,0.340828)   (0.820411,0.120136)   (0.690795,0.708094)  (0.0139403,0.548338)   (0.516667,0.277121)
   (0.56677,0.201826)   (0.861595,0.846415)   (0.170569,0.114144)     (0.587391,0.3471)    (0.353918,0.19718) (0.00151545,0.932062)   (0.304077,0.232722)  (0.797001,0.0574217)
  (0.156058,0.896989)   (0.330205,0.793246)   (0.126145,0.424116)   (0.730096,0.836651)   (0.835898,0.996117)   (0.994543,0.441368)   (0.261508,0.684187)  (0.385125,0.0833756)
   (0.744336,0.41882)    (0.86204,0.125922)   (0.757969,0.423485)   (0.632677,0.708576)   (0.864366,0.821405)   (0.564035,0.689147)   rank: 1 ...verification passed
rank: 2 ...verification passed
(0.102946,0.111513)   (0.174548,0.307328)
  (0.415863,0.187497)   (0.755646,0.438514)    (0.71571,0.208454)   (0.712567,0.667188)   (0.847699,0.143849)   (0.180135,0.643582)   (0.113251,0.535236)   (0.616022,0.985498)
  (0.663773,0.551626)   (0.903295,0.773129)     (0.3743,0.739797)    (0.960781,0.16697)   (0.225885,0.506181)  (0.0891295,0.601133)   (0.613254,0.610918)   (0.561943,0.228254)
  (0.553941,0.382732)   (0.396248,0.017163)  (0.0481268,0.643609)  (0.525673,0.0441083)   (0.153039,0.927212)    (0.50001,0.233953)    (0.256087,0.12309)   (0.543093,0.748451)
  (0.654005,0.514839)   (0.796809,0.132454)   (0.979466,0.334578)   (0.979736,0.546208)   (0.649041,0.386298)   (0.351149,0.502332)   (0.624926,0.361269)    (0.87363,0.774538)
    (0.24384,0.26887)   (0.368643,0.471733)   (0.183365,0.528825)   (0.670932,0.340828)   (0.820411,0.120136)   (0.690795,0.708094)  (0.0139403,0.548338)   (0.516667,0.277121)
   (0.56677,0.201826)   (0.861595,0.846415)   (0.170569,0.114144)     (0.587391,0.3471)    (0.353918,0.19718) (0.00151545,0.932062)   (0.304077,0.232722)  (0.797001,0.0574217)
  (0.156058,0.896989)   (0.330205,0.793246)   (0.126145,0.424116)   (0.730096,0.836651)   (0.835898,0.996117)   (0.994543,0.441368)   (0.261508,0.684187)  (0.385125,0.0833756)
   (0.744336,0.41882)    (0.86204,0.125922)   (0.757969,0.423485)   (0.632677,0.708576)   (0.864366,0.821405)   (0.564035,0.689147)   (0.102946,0.111513)   (0.174548,0.307328)
  (0.415863,0.187497)   (0.755646,0.438514)    (0.71571,0.208454)   (0.712567,0.667188)   (0.847699,0.143849)   (0.180135,0.643582)   (0.113251,0.535236)   (0.616022,0.985498)
  (0.663773,0.551626)   (0.903295,0.773129)     (0.3743,0.739797)    (0.960781,0.16697)   (0.225885,0.506181)  (0.0891295,0.601133)   (0.613254,0.610918)   (0.561943,0.228254)
rank: 0 ...verification passed
Run: 0 ..starting ..took: 0.00377706 s
Run: 1 ..starting ..took: 0.00362912 s
Run: 2 ..starting ..took: 0.00340786 s
